/*--------------------------------*- C++ -*----------------------------------*\ 
| =========                 |                                                 | 
| \\      /  F ield         | OpenFOAM: The Open Source CFD Toolbox           | 
|  \\    /   O peration     | Version:  2.1.0                                 | 
|   \\  /    A nd           | Web:      www.OpenFOAM.com                      | 
|    \\/     M anipulation  |                                                 | 
\*---------------------------------------------------------------------------*/ 
FoamFile                                                                        
{                                                                               
    version     2.0;                                                            
    format      ascii;                                                          
    class       dictionary;                                                     
    object      blockMeshDict;                                                  
}                                                                               
// * * * * * * * * * * * * * * * * * * * * * * * * * * * * * * * * * * * * * // 

convertToMeters 0.003300; 

vertices 
( 
    (-7.234267 0.500000 2.632519)
    (0.301638 0.500000 8.000000)
    (0.939715 0.500000 8.000000)
    (12.000000 0.500000 8.000000)
    (0.000000 0.500000 0.000000)
    (0.301638 0.500000 -0.045908)
    (0.260598 0.500000 -0.158687)
    (0.939715 0.500000 -0.341958)
    (12.000000 0.500000 -0.341958)
    (0.260598 0.500000 -8.000000)
    (0.939715 0.500000 -8.000000)
    (12.000000 0.500000 -8.000000)
    (-7.234267 -0.500000 2.632519)
    (0.301638 -0.500000 8.000000)
    (0.939715 -0.500000 8.000000)
    (12.000000 -0.500000 8.000000)
    (0.000000 -0.500000 0.000000)
    (0.301638 -0.500000 -0.045908)
    (0.260598 -0.500000 -0.158687)
    (0.939715 -0.500000 -0.341958)
    (12.000000 -0.500000 -0.341958)
    (0.260598 -0.500000 -8.000000)
    (0.939715 -0.500000 -8.000000)
    (12.000000 -0.500000 -8.000000)
); 

blocks 
( 
    hex (4 5 1 0 16 17 13 12)     (74 100 1) edgeGrading (1 0.020000 0.020000 1 500.000000 500.000000 500.000000 500.000000 1 1 1 1) 
    hex (5 7 2 1 17 19 14 13)     (175 100 1) simpleGrading (1 500.000000 1) 
    hex (7 8 3 2 19 20 15 14)     (120 100 1) simpleGrading (100.000000 500.000000 1) 
    hex (16 18 21 12 4 6 9 0)     (74 100 1) edgeGrading (1 0.020000 0.020000 1 500.000000 500.000000 500.000000 500.000000 1 1 1 1) 
    hex (18 19 22 21 6 7 10 9)    (175 100 1) simpleGrading (1 500.000000 1) 
    hex (19 20 23 22 7 8 11 10)   (120 100 1) simpleGrading (100.000000 500.000000 1) 
); 

edges 
( 
    spline 4 5 
        ( 
            (0.000254 0.500000 0.000653) 
            (0.000536 0.500000 0.001292) 
            (0.000847 0.500000 0.001919) 
            (0.001186 0.500000 0.002534) 
            (0.001553 0.500000 0.003135) 
            (0.001949 0.500000 0.003723) 
            (0.002372 0.500000 0.004299) 
            (0.002824 0.500000 0.004862) 
            (0.003305 0.500000 0.005411) 
            (0.003813 0.500000 0.005948) 
            (0.004350 0.500000 0.006472) 
            (0.004914 0.500000 0.006983) 
            (0.005507 0.500000 0.007481) 
            (0.006128 0.500000 0.007967) 
            (0.006777 0.500000 0.008439) 
            (0.007455 0.500000 0.008898) 
            (0.008160 0.500000 0.009344) 
            (0.008893 0.500000 0.009777) 
            (0.009654 0.500000 0.010197) 
            (0.010442 0.500000 0.010604) 
            (0.011259 0.500000 0.010998) 
            (0.012103 0.500000 0.011379) 
            (0.012976 0.500000 0.011747) 
            (0.013875 0.500000 0.012102) 
            (0.014803 0.500000 0.012443) 
            (0.015758 0.500000 0.012771) 
            (0.016740 0.500000 0.013087) 
            (0.017750 0.500000 0.013389) 
            (0.018788 0.500000 0.013677) 
            (0.019852 0.500000 0.013953) 
            (0.020944 0.500000 0.014215) 
            (0.022063 0.500000 0.014464) 
            (0.023209 0.500000 0.014700) 
            (0.024383 0.500000 0.014923) 
            (0.025583 0.500000 0.015132) 
            (0.026810 0.500000 0.015328) 
            (0.028064 0.500000 0.015510) 
            (0.029344 0.500000 0.015679) 
            (0.030652 0.500000 0.015835) 
            (0.031985 0.500000 0.015978) 
            (0.033346 0.500000 0.016107) 
            (0.034733 0.500000 0.016222) 
            (0.036146 0.500000 0.016324) 
            (0.037585 0.500000 0.016413) 
            (0.039050 0.500000 0.016488) 
            (0.040542 0.500000 0.016550) 
            (0.042059 0.500000 0.016598) 
            (0.043602 0.500000 0.016633) 
            (0.045171 0.500000 0.016654) 
            (0.046765 0.500000 0.016661) 
            (0.048385 0.500000 0.016655) 
            (0.050031 0.500000 0.016635) 
            (0.051702 0.500000 0.016602) 
            (0.053398 0.500000 0.016555) 
            (0.055119 0.500000 0.016495) 
            (0.056865 0.500000 0.016421) 
            (0.058636 0.500000 0.016333) 
            (0.060431 0.500000 0.016232) 
            (0.062252 0.500000 0.016117) 
            (0.064097 0.500000 0.015988) 
            (0.065966 0.500000 0.015846) 
            (0.067859 0.500000 0.015690) 
            (0.069777 0.500000 0.015520) 
            (0.071719 0.500000 0.015337) 
            (0.073684 0.500000 0.015140) 
            (0.075673 0.500000 0.014929) 
            (0.077686 0.500000 0.014704) 
            (0.079723 0.500000 0.014466) 
            (0.081783 0.500000 0.014214) 
            (0.083866 0.500000 0.013948) 
            (0.085972 0.500000 0.013669) 
            (0.088101 0.500000 0.013376) 
            (0.090253 0.500000 0.013069) 
            (0.092428 0.500000 0.012748) 
            (0.094625 0.500000 0.012414) 
            (0.096845 0.500000 0.012066) 
            (0.099087 0.500000 0.011704) 
            (0.101351 0.500000 0.011329) 
            (0.103637 0.500000 0.010940) 
            (0.105945 0.500000 0.010537) 
            (0.108274 0.500000 0.010121) 
            (0.110626 0.500000 0.009691) 
            (0.112998 0.500000 0.009247) 
            (0.115392 0.500000 0.008789) 
            (0.117807 0.500000 0.008319) 
            (0.120242 0.500000 0.007834) 
            (0.122699 0.500000 0.007336) 
            (0.125176 0.500000 0.006824) 
            (0.127673 0.500000 0.006299) 
            (0.130191 0.500000 0.005760) 
            (0.132729 0.500000 0.005208) 
            (0.135287 0.500000 0.004642) 
            (0.137865 0.500000 0.004063) 
            (0.140462 0.500000 0.003470) 
            (0.143079 0.500000 0.002864) 
            (0.145715 0.500000 0.002245) 
            (0.148371 0.500000 0.001612) 
            (0.151045 0.500000 0.000966) 
            (0.153738 0.500000 0.000307) 
            (0.156450 0.500000 -0.000365) 
            (0.159180 0.500000 -0.001051) 
            (0.161929 0.500000 -0.001750) 
            (0.164695 0.500000 -0.002462) 
            (0.167480 0.500000 -0.003187) 
            (0.170282 0.500000 -0.003925) 
            (0.173103 0.500000 -0.004676) 
            (0.175940 0.500000 -0.005440) 
            (0.178795 0.500000 -0.006217) 
            (0.181667 0.500000 -0.007007) 
            (0.184555 0.500000 -0.007809) 
            (0.187461 0.500000 -0.008625) 
            (0.190383 0.500000 -0.009453) 
            (0.193321 0.500000 -0.010293) 
            (0.196276 0.500000 -0.011147) 
            (0.199246 0.500000 -0.012012) 
            (0.202233 0.500000 -0.012891) 
            (0.205235 0.500000 -0.013781) 
            (0.208253 0.500000 -0.014684) 
            (0.211285 0.500000 -0.015599) 
            (0.214333 0.500000 -0.016527) 
            (0.217396 0.500000 -0.017467) 
            (0.220474 0.500000 -0.018418) 
            (0.223566 0.500000 -0.019382) 
            (0.226672 0.500000 -0.020358) 
            (0.229792 0.500000 -0.021345) 
            (0.232927 0.500000 -0.022345) 
            (0.236075 0.500000 -0.023356) 
            (0.239237 0.500000 -0.024378) 
            (0.242412 0.500000 -0.025412) 
            (0.245601 0.500000 -0.026458) 
            (0.248802 0.500000 -0.027515) 
            (0.252017 0.500000 -0.028584) 
            (0.255244 0.500000 -0.029663) 
            (0.258483 0.500000 -0.030754) 
            (0.261735 0.500000 -0.031856) 
            (0.264998 0.500000 -0.032969) 
            (0.268274 0.500000 -0.034093) 
            (0.271561 0.500000 -0.035227) 
            (0.274860 0.500000 -0.036373) 
            (0.278170 0.500000 -0.037528) 
            (0.281491 0.500000 -0.038695) 
            (0.284822 0.500000 -0.039871) 
            (0.288165 0.500000 -0.041059) 
            (0.291518 0.500000 -0.042256) 
            (0.294881 0.500000 -0.043463) 
            (0.298255 0.500000 -0.044681) 
        ) 
    spline 5 7 
        ( 
            (0.305031 0.500000 -0.047145)
            (0.308433 0.500000 -0.048392)
            (0.311845 0.500000 -0.049649)
            (0.315266 0.500000 -0.050914)
            (0.318695 0.500000 -0.052190)
            (0.322134 0.500000 -0.053474)
            (0.325580 0.500000 -0.054768)
            (0.329035 0.500000 -0.056071)
            (0.332499 0.500000 -0.057383)
            (0.335970 0.500000 -0.058703)
            (0.339448 0.500000 -0.060033)
            (0.342934 0.500000 -0.061370)
            (0.346428 0.500000 -0.062717)
            (0.349928 0.500000 -0.064072)
            (0.353435 0.500000 -0.065435)
            (0.356949 0.500000 -0.066806)
            (0.360470 0.500000 -0.068185)
            (0.363996 0.500000 -0.069572)
            (0.367529 0.500000 -0.070966)
            (0.371067 0.500000 -0.072369)
            (0.374611 0.500000 -0.073779)
            (0.378161 0.500000 -0.075196)
            (0.381716 0.500000 -0.076621)
            (0.385275 0.500000 -0.078052)
            (0.388840 0.500000 -0.079491)
            (0.392409 0.500000 -0.080937)
            (0.395982 0.500000 -0.082389)
            (0.399560 0.500000 -0.083848)
            (0.403141 0.500000 -0.085313)
            (0.406726 0.500000 -0.086785)
            (0.410315 0.500000 -0.088263)
            (0.413907 0.500000 -0.089748)
            (0.417503 0.500000 -0.091238)
            (0.421101 0.500000 -0.092734)
            (0.424702 0.500000 -0.094236)
            (0.428305 0.500000 -0.095743)
            (0.431911 0.500000 -0.097256)
            (0.435518 0.500000 -0.098774)
            (0.439128 0.500000 -0.100298)
            (0.442739 0.500000 -0.101826)
            (0.446352 0.500000 -0.103360)
            (0.449966 0.500000 -0.104898)
            (0.453581 0.500000 -0.106441)
            (0.457197 0.500000 -0.107988)
            (0.460813 0.500000 -0.109540)
            (0.464430 0.500000 -0.111096)
            (0.468047 0.500000 -0.112656)
            (0.471664 0.500000 -0.114220)
            (0.475280 0.500000 -0.115788)
            (0.478897 0.500000 -0.117360)
            (0.482512 0.500000 -0.118935)
            (0.486127 0.500000 -0.120514)
            (0.489741 0.500000 -0.122096)
            (0.493353 0.500000 -0.123681)
            (0.496964 0.500000 -0.125269)
            (0.500573 0.500000 -0.126860)
            (0.504180 0.500000 -0.128454)
            (0.507786 0.500000 -0.130051)
            (0.511388 0.500000 -0.131650)
            (0.514989 0.500000 -0.133251)
            (0.518586 0.500000 -0.134855)
            (0.522181 0.500000 -0.136461)
            (0.525772 0.500000 -0.138068)
            (0.529360 0.500000 -0.139678)
            (0.532945 0.500000 -0.141289)
            (0.536525 0.500000 -0.142902)
            (0.540102 0.500000 -0.144516)
            (0.543674 0.500000 -0.146131)
            (0.547242 0.500000 -0.147748)
            (0.550805 0.500000 -0.149366)
            (0.554364 0.500000 -0.150984)
            (0.557917 0.500000 -0.152603)
            (0.561465 0.500000 -0.154223)
            (0.565008 0.500000 -0.155843)
            (0.568545 0.500000 -0.157464)
            (0.572076 0.500000 -0.159085)
            (0.575601 0.500000 -0.160706)
            (0.579119 0.500000 -0.162326)
            (0.582632 0.500000 -0.163947)
            (0.586137 0.500000 -0.165567)
            (0.589635 0.500000 -0.167187)
            (0.593127 0.500000 -0.168807)
            (0.596611 0.500000 -0.170425)
            (0.600087 0.500000 -0.172043)
            (0.603556 0.500000 -0.173660)
            (0.607017 0.500000 -0.175276)
            (0.610470 0.500000 -0.176890)
            (0.613914 0.500000 -0.178503)
            (0.617350 0.500000 -0.180115)
            (0.620777 0.500000 -0.181725)
            (0.624195 0.500000 -0.183333)
            (0.627604 0.500000 -0.184939)
            (0.631003 0.500000 -0.186544)
            (0.634393 0.500000 -0.188146)
            (0.637773 0.500000 -0.189746)
            (0.641143 0.500000 -0.191343)
            (0.644503 0.500000 -0.192938)
            (0.647853 0.500000 -0.194531)
            (0.651192 0.500000 -0.196120)
            (0.654521 0.500000 -0.197707)
            (0.657838 0.500000 -0.199291)
            (0.661144 0.500000 -0.200872)
            (0.664439 0.500000 -0.202449)
            (0.667722 0.500000 -0.204023)
            (0.670994 0.500000 -0.205594)
            (0.674254 0.500000 -0.207160)
            (0.677501 0.500000 -0.208724)
            (0.680737 0.500000 -0.210283)
            (0.683959 0.500000 -0.211838)
            (0.687169 0.500000 -0.213389)
            (0.690366 0.500000 -0.214936)
            (0.693551 0.500000 -0.216479)
            (0.696721 0.500000 -0.218017)
            (0.699879 0.500000 -0.219551)
            (0.703022 0.500000 -0.221079)
            (0.706152 0.500000 -0.222604)
            (0.709268 0.500000 -0.224123)
            (0.712370 0.500000 -0.225637)
            (0.715457 0.500000 -0.227145)
            (0.718530 0.500000 -0.228649)
            (0.721588 0.500000 -0.230147)
            (0.724631 0.500000 -0.231640)
            (0.727659 0.500000 -0.233127)
            (0.730671 0.500000 -0.234608)
            (0.733668 0.500000 -0.236083)
            (0.736650 0.500000 -0.237553)
            (0.739615 0.500000 -0.239016)
            (0.742565 0.500000 -0.240473)
            (0.745499 0.500000 -0.241924)
            (0.748416 0.500000 -0.243368)
            (0.751316 0.500000 -0.244806)
            (0.754200 0.500000 -0.246237)
            (0.757067 0.500000 -0.247662)
            (0.759917 0.500000 -0.249079)
            (0.762750 0.500000 -0.250490)
            (0.765566 0.500000 -0.251893)
            (0.768364 0.500000 -0.253289)
            (0.771144 0.500000 -0.254678)
            (0.773906 0.500000 -0.256060)
            (0.776651 0.500000 -0.257434)
            (0.779377 0.500000 -0.258800)
            (0.782084 0.500000 -0.260159)
            (0.784774 0.500000 -0.261509)
            (0.787444 0.500000 -0.262852)
            (0.790096 0.500000 -0.264187)
            (0.792729 0.500000 -0.265513)
            (0.795343 0.500000 -0.266832)
            (0.797937 0.500000 -0.268142)
            (0.800512 0.500000 -0.269443)
            (0.803067 0.500000 -0.270736)
            (0.805603 0.500000 -0.272020)
            (0.808118 0.500000 -0.273296)
            (0.810614 0.500000 -0.274562)
            (0.813089 0.500000 -0.275820)
            (0.815545 0.500000 -0.277068)
            (0.817979 0.500000 -0.278307)
            (0.820393 0.500000 -0.279537)
            (0.822786 0.500000 -0.280758)
            (0.825159 0.500000 -0.281969)
            (0.827510 0.500000 -0.283170)
            (0.829840 0.500000 -0.284362)
            (0.832149 0.500000 -0.285544)
            (0.834436 0.500000 -0.286717)
            (0.836702 0.500000 -0.287879)
            (0.838946 0.500000 -0.289031)
            (0.841168 0.500000 -0.290173)
            (0.843368 0.500000 -0.291305)
            (0.845546 0.500000 -0.292426)
            (0.847702 0.500000 -0.293537)
            (0.849836 0.500000 -0.294638)
            (0.851947 0.500000 -0.295728)
            (0.854035 0.500000 -0.296807)
            (0.856101 0.500000 -0.297875)
            (0.858144 0.500000 -0.298932)
            (0.860163 0.500000 -0.299979)
            (0.862160 0.500000 -0.301014)
            (0.864134 0.500000 -0.302039)
            (0.866084 0.500000 -0.303052)
            (0.868011 0.500000 -0.304053)
            (0.869914 0.500000 -0.305044)
            (0.871794 0.500000 -0.306022)
            (0.873650 0.500000 -0.306990)
            (0.875482 0.500000 -0.307945)
            (0.877290 0.500000 -0.308889)
            (0.879074 0.500000 -0.309821)
            (0.880834 0.500000 -0.310741)
            (0.882570 0.500000 -0.311649)
            (0.884281 0.500000 -0.312545)
            (0.885968 0.500000 -0.313429)
            (0.887630 0.500000 -0.314301)
            (0.889267 0.500000 -0.315160)
            (0.890880 0.500000 -0.316007)
            (0.892468 0.500000 -0.316842)
            (0.894031 0.500000 -0.317664)
            (0.895569 0.500000 -0.318473)
            (0.897082 0.500000 -0.319270)
            (0.898570 0.500000 -0.320054)
            (0.900032 0.500000 -0.320825)
            (0.901469 0.500000 -0.321584)
            (0.902881 0.500000 -0.322329)
            (0.904267 0.500000 -0.323062)
            (0.905627 0.500000 -0.323781)
            (0.906962 0.500000 -0.324487)
            (0.908271 0.500000 -0.325180)
            (0.909554 0.500000 -0.325860)
            (0.910812 0.500000 -0.326526)
            (0.912043 0.500000 -0.327179)
            (0.913248 0.500000 -0.327819)
            (0.914427 0.500000 -0.328445)
            (0.915580 0.500000 -0.329058)
            (0.916707 0.500000 -0.329657)
            (0.917807 0.500000 -0.330242)
            (0.918881 0.500000 -0.330813)
            (0.919929 0.500000 -0.331371)
            (0.920950 0.500000 -0.331915)
            (0.921945 0.500000 -0.332445)
            (0.922913 0.500000 -0.332961)
            (0.923854 0.500000 -0.333463)
            (0.924769 0.500000 -0.333951)
            (0.925657 0.500000 -0.334425)
            (0.926518 0.500000 -0.334885)
            (0.927352 0.500000 -0.335331)
            (0.928159 0.500000 -0.335763)
            (0.928940 0.500000 -0.336180)
            (0.929693 0.500000 -0.336583)
            (0.930419 0.500000 -0.336972)
            (0.931119 0.500000 -0.337346)
            (0.931791 0.500000 -0.337706)
            (0.932436 0.500000 -0.338051)
            (0.933054 0.500000 -0.338382)
            (0.933644 0.500000 -0.338699)
            (0.934208 0.500000 -0.339001)
            (0.934744 0.500000 -0.339289)
            (0.935253 0.500000 -0.339561)
            (0.935734 0.500000 -0.339820)
            (0.936188 0.500000 -0.340063)
            (0.936615 0.500000 -0.340292)
            (0.937014 0.500000 -0.340507)
            (0.937386 0.500000 -0.340707)
            (0.937730 0.500000 -0.340891)
            (0.938047 0.500000 -0.341062)
            (0.938336 0.500000 -0.341217)
            (0.938598 0.500000 -0.341358)
            (0.938833 0.500000 -0.341484)
            (0.939039 0.500000 -0.341595)
            (0.939219 0.500000 -0.341691)
            (0.939370 0.500000 -0.341773)
            (0.939494 0.500000 -0.341840)
            (0.939591 0.500000 -0.341892)
            (0.939660 0.500000 -0.341929)
            (0.939701 0.500000 -0.341951)
        ) 
    spline 4 6 
        ( 
            (-0.000225 0.500000 -0.000663)
            (-0.000420 0.500000 -0.001335)
            (-0.000585 0.500000 -0.002015)
            (-0.000720 0.500000 -0.002703)
            (-0.000825 0.500000 -0.003400)
            (-0.000900 0.500000 -0.004105)
            (-0.000945 0.500000 -0.004818)
            (-0.000961 0.500000 -0.005540)
            (-0.000946 0.500000 -0.006270)
            (-0.000902 0.500000 -0.007008)
            (-0.000827 0.500000 -0.007754)
            (-0.000723 0.500000 -0.008509)
            (-0.000589 0.500000 -0.009271)
            (-0.000425 0.500000 -0.010042)
            (-0.000231 0.500000 -0.010821)
            (-0.000007 0.500000 -0.011608)
            (0.000246 0.500000 -0.012403)
            (0.000529 0.500000 -0.013206)
            (0.000842 0.500000 -0.014017)
            (0.001185 0.500000 -0.014835)
            (0.001557 0.500000 -0.015662)
            (0.001960 0.500000 -0.016497)
            (0.002391 0.500000 -0.017339)
            (0.002853 0.500000 -0.018189)
            (0.003344 0.500000 -0.019047)
            (0.003864 0.500000 -0.019912)
            (0.004415 0.500000 -0.020785)
            (0.004994 0.500000 -0.021665)
            (0.005603 0.500000 -0.022553)
            (0.006242 0.500000 -0.023449)
            (0.006910 0.500000 -0.024351)
            (0.007607 0.500000 -0.025261)
            (0.008334 0.500000 -0.026179)
            (0.009090 0.500000 -0.027103)
            (0.009875 0.500000 -0.028035)
            (0.010689 0.500000 -0.028973)
            (0.011532 0.500000 -0.029919)
            (0.012405 0.500000 -0.030872)
            (0.013306 0.500000 -0.031831)
            (0.014236 0.500000 -0.032798)
            (0.015196 0.500000 -0.033771)
            (0.016184 0.500000 -0.034750)
            (0.017201 0.500000 -0.035737)
            (0.018246 0.500000 -0.036730)
            (0.019321 0.500000 -0.037729)
            (0.020424 0.500000 -0.038735)
            (0.021555 0.500000 -0.039747)
            (0.022715 0.500000 -0.040765)
            (0.023904 0.500000 -0.041790)
            (0.025120 0.500000 -0.042820)
            (0.026366 0.500000 -0.043857)
            (0.027639 0.500000 -0.044899)
            (0.028940 0.500000 -0.045947)
            (0.030270 0.500000 -0.047002)
            (0.031627 0.500000 -0.048061)
            (0.033012 0.500000 -0.049127)
            (0.034425 0.500000 -0.050198)
            (0.035866 0.500000 -0.051274)
            (0.037335 0.500000 -0.052356)
            (0.038831 0.500000 -0.053443)
            (0.040354 0.500000 -0.054535)
            (0.041905 0.500000 -0.055633)
            (0.043483 0.500000 -0.056735)
            (0.045089 0.500000 -0.057842)
            (0.046722 0.500000 -0.058955)
            (0.048381 0.500000 -0.060072)
            (0.050068 0.500000 -0.061193)
            (0.051781 0.500000 -0.062320)
            (0.053521 0.500000 -0.063450)
            (0.055288 0.500000 -0.064586)
            (0.057081 0.500000 -0.065725)
            (0.058901 0.500000 -0.066869)
            (0.060747 0.500000 -0.068017)
            (0.062619 0.500000 -0.069169)
            (0.064517 0.500000 -0.070325)
            (0.066441 0.500000 -0.071485)
            (0.068391 0.500000 -0.072649)
            (0.070367 0.500000 -0.073816)
            (0.072368 0.500000 -0.074987)
            (0.074395 0.500000 -0.076162)
            (0.076448 0.500000 -0.077340)
            (0.078525 0.500000 -0.078522)
            (0.080628 0.500000 -0.079707)
            (0.082756 0.500000 -0.080895)
            (0.084909 0.500000 -0.082086)
            (0.087086 0.500000 -0.083280)
            (0.089288 0.500000 -0.084477)
            (0.091515 0.500000 -0.085677)
            (0.093766 0.500000 -0.086880)
            (0.096041 0.500000 -0.088085)
            (0.098341 0.500000 -0.089293)
            (0.100664 0.500000 -0.090504)
            (0.103011 0.500000 -0.091717)
            (0.105382 0.500000 -0.092932)
            (0.107776 0.500000 -0.094150)
            (0.110194 0.500000 -0.095369)
            (0.112635 0.500000 -0.096591)
            (0.115099 0.500000 -0.097815)
            (0.117586 0.500000 -0.099041)
            (0.120096 0.500000 -0.100268)
            (0.122628 0.500000 -0.101498)
            (0.125183 0.500000 -0.102729)
            (0.127760 0.500000 -0.103961)
            (0.130360 0.500000 -0.105196)
            (0.132981 0.500000 -0.106431)
            (0.135624 0.500000 -0.107668)
            (0.138289 0.500000 -0.108906)
            (0.140976 0.500000 -0.110146)
            (0.143683 0.500000 -0.111387)
            (0.146412 0.500000 -0.112628)
            (0.149162 0.500000 -0.113871)
            (0.151933 0.500000 -0.115115)
            (0.154724 0.500000 -0.116359)
            (0.157536 0.500000 -0.117604)
            (0.160369 0.500000 -0.118850)
            (0.163221 0.500000 -0.120097)
            (0.166093 0.500000 -0.121344)
            (0.168986 0.500000 -0.122591)
            (0.171897 0.500000 -0.123839)
            (0.174829 0.500000 -0.125087)
            (0.177779 0.500000 -0.126336)
            (0.180748 0.500000 -0.127585)
            (0.183737 0.500000 -0.128834)
            (0.186744 0.500000 -0.130082)
            (0.189769 0.500000 -0.131331)
            (0.192813 0.500000 -0.132580)
            (0.195874 0.500000 -0.133829)
            (0.198954 0.500000 -0.135078)
            (0.202051 0.500000 -0.136326)
            (0.205166 0.500000 -0.137574)
            (0.208298 0.500000 -0.138822)
            (0.211448 0.500000 -0.140069)
            (0.214614 0.500000 -0.141316)
            (0.217797 0.500000 -0.142562)
            (0.220996 0.500000 -0.143807)
            (0.224212 0.500000 -0.145052)
            (0.227443 0.500000 -0.146297)
            (0.230691 0.500000 -0.147540)
            (0.233954 0.500000 -0.148783)
            (0.237233 0.500000 -0.150024)
            (0.240527 0.500000 -0.151265)
            (0.243836 0.500000 -0.152505)
            (0.247159 0.500000 -0.153744)
            (0.250498 0.500000 -0.154981)
            (0.253850 0.500000 -0.156218)
            (0.257217 0.500000 -0.157453)
        ) 
    spline 6 7 
        ( 
            (0.263993 0.500000 -0.159920)
            (0.267401 0.500000 -0.161151)
            (0.270822 0.500000 -0.162381)
            (0.274256 0.500000 -0.163610)
            (0.277703 0.500000 -0.164837)
            (0.281163 0.500000 -0.166063)
            (0.284635 0.500000 -0.167287)
            (0.288120 0.500000 -0.168509)
            (0.291616 0.500000 -0.169730)
            (0.295124 0.500000 -0.170949)
            (0.298643 0.500000 -0.172166)
            (0.302174 0.500000 -0.173382)
            (0.305716 0.500000 -0.174595)
            (0.309268 0.500000 -0.175807)
            (0.312831 0.500000 -0.177017)
            (0.316404 0.500000 -0.178225)
            (0.319988 0.500000 -0.179431)
            (0.323581 0.500000 -0.180635)
            (0.327184 0.500000 -0.181836)
            (0.330796 0.500000 -0.183036)
            (0.334417 0.500000 -0.184234)
            (0.338048 0.500000 -0.185429)
            (0.341686 0.500000 -0.186622)
            (0.345334 0.500000 -0.187813)
            (0.348989 0.500000 -0.189002)
            (0.352653 0.500000 -0.190188)
            (0.356324 0.500000 -0.191372)
            (0.360002 0.500000 -0.192553)
            (0.363688 0.500000 -0.193732)
            (0.367381 0.500000 -0.194909)
            (0.371080 0.500000 -0.196083)
            (0.374786 0.500000 -0.197254)
            (0.378498 0.500000 -0.198423)
            (0.382216 0.500000 -0.199590)
            (0.385940 0.500000 -0.200753)
            (0.389670 0.500000 -0.201914)
            (0.393405 0.500000 -0.203072)
            (0.397144 0.500000 -0.204228)
            (0.400889 0.500000 -0.205381)
            (0.404638 0.500000 -0.206531)
            (0.408391 0.500000 -0.207678)
            (0.412148 0.500000 -0.208822)
            (0.415909 0.500000 -0.209963)
            (0.419674 0.500000 -0.211101)
            (0.423442 0.500000 -0.212237)
            (0.427213 0.500000 -0.213369)
            (0.430987 0.500000 -0.214498)
            (0.434763 0.500000 -0.215625)
            (0.438542 0.500000 -0.216748)
            (0.442322 0.500000 -0.217868)
            (0.446105 0.500000 -0.218985)
            (0.449889 0.500000 -0.220098)
            (0.453674 0.500000 -0.221209)
            (0.457460 0.500000 -0.222316)
            (0.461247 0.500000 -0.223420)
            (0.465035 0.500000 -0.224520)
            (0.468823 0.500000 -0.225617)
            (0.472611 0.500000 -0.226711)
            (0.476399 0.500000 -0.227802)
            (0.480187 0.500000 -0.228889)
            (0.483974 0.500000 -0.229972)
            (0.487759 0.500000 -0.231052)
            (0.491544 0.500000 -0.232129)
            (0.495327 0.500000 -0.233201)
            (0.499109 0.500000 -0.234271)
            (0.502889 0.500000 -0.235336)
            (0.506666 0.500000 -0.236398)
            (0.510441 0.500000 -0.237457)
            (0.514214 0.500000 -0.238511)
            (0.517983 0.500000 -0.239562)
            (0.521750 0.500000 -0.240609)
            (0.525512 0.500000 -0.241652)
            (0.529272 0.500000 -0.242691)
            (0.533027 0.500000 -0.243727)
            (0.536779 0.500000 -0.244758)
            (0.540525 0.500000 -0.245786)
            (0.544268 0.500000 -0.246810)
            (0.548005 0.500000 -0.247829)
            (0.551738 0.500000 -0.248845)
            (0.555465 0.500000 -0.249856)
            (0.559186 0.500000 -0.250864)
            (0.562902 0.500000 -0.251867)
            (0.566611 0.500000 -0.252866)
            (0.570314 0.500000 -0.253861)
            (0.574011 0.500000 -0.254852)
            (0.577701 0.500000 -0.255838)
            (0.581383 0.500000 -0.256820)
            (0.585059 0.500000 -0.257798)
            (0.588727 0.500000 -0.258771)
            (0.592387 0.500000 -0.259740)
            (0.596039 0.500000 -0.260705)
            (0.599683 0.500000 -0.261665)
            (0.603319 0.500000 -0.262621)
            (0.606946 0.500000 -0.263572)
            (0.610564 0.500000 -0.264519)
            (0.614172 0.500000 -0.265461)
            (0.617772 0.500000 -0.266398)
            (0.621361 0.500000 -0.267331)
            (0.624941 0.500000 -0.268259)
            (0.628511 0.500000 -0.269182)
            (0.632070 0.500000 -0.270101)
            (0.635619 0.500000 -0.271015)
            (0.639157 0.500000 -0.271924)
            (0.642685 0.500000 -0.272828)
            (0.646200 0.500000 -0.273728)
            (0.649705 0.500000 -0.274622)
            (0.653197 0.500000 -0.275512)
            (0.656678 0.500000 -0.276396)
            (0.660147 0.500000 -0.277276)
            (0.663603 0.500000 -0.278151)
            (0.667047 0.500000 -0.279020)
            (0.670477 0.500000 -0.279885)
            (0.673895 0.500000 -0.280744)
            (0.677300 0.500000 -0.281599)
            (0.680691 0.500000 -0.282448)
            (0.684068 0.500000 -0.283292)
            (0.687431 0.500000 -0.284130)
            (0.690781 0.500000 -0.284964)
            (0.694116 0.500000 -0.285792)
            (0.697436 0.500000 -0.286615)
            (0.700742 0.500000 -0.287432)
            (0.704032 0.500000 -0.288244)
            (0.707308 0.500000 -0.289051)
            (0.710568 0.500000 -0.289853)
            (0.713812 0.500000 -0.290648)
            (0.717041 0.500000 -0.291439)
            (0.720253 0.500000 -0.292224)
            (0.723450 0.500000 -0.293003)
            (0.726629 0.500000 -0.293777)
            (0.729793 0.500000 -0.294545)
            (0.732939 0.500000 -0.295308)
            (0.736068 0.500000 -0.296065)
            (0.739180 0.500000 -0.296816)
            (0.742275 0.500000 -0.297562)
            (0.745352 0.500000 -0.298302)
            (0.748411 0.500000 -0.299036)
            (0.751451 0.500000 -0.299765)
            (0.754474 0.500000 -0.300488)
            (0.757478 0.500000 -0.301204)
            (0.760464 0.500000 -0.301916)
            (0.763431 0.500000 -0.302621)
            (0.766378 0.500000 -0.303320)
            (0.769307 0.500000 -0.304014)
            (0.772216 0.500000 -0.304701)
            (0.775105 0.500000 -0.305383)
            (0.777975 0.500000 -0.306059)
            (0.780824 0.500000 -0.306729)
            (0.783654 0.500000 -0.307392)
            (0.786463 0.500000 -0.308050)
            (0.789252 0.500000 -0.308702)
            (0.792019 0.500000 -0.309348)
            (0.794766 0.500000 -0.309987)
            (0.797492 0.500000 -0.310621)
            (0.800197 0.500000 -0.311248)
            (0.802880 0.500000 -0.311870)
            (0.805542 0.500000 -0.312485)
            (0.808182 0.500000 -0.313094)
            (0.810800 0.500000 -0.313697)
            (0.813396 0.500000 -0.314294)
            (0.815969 0.500000 -0.314885)
            (0.818520 0.500000 -0.315469)
            (0.821049 0.500000 -0.316047)
            (0.823555 0.500000 -0.316619)
            (0.826038 0.500000 -0.317185)
            (0.828497 0.500000 -0.317744)
            (0.830934 0.500000 -0.318298)
            (0.833347 0.500000 -0.318844)
            (0.835736 0.500000 -0.319385)
            (0.838102 0.500000 -0.319920)
            (0.840444 0.500000 -0.320448)
            (0.842761 0.500000 -0.320969)
            (0.845055 0.500000 -0.321485)
            (0.847324 0.500000 -0.321994)
            (0.849569 0.500000 -0.322497)
            (0.851789 0.500000 -0.322993)
            (0.853984 0.500000 -0.323483)
            (0.856154 0.500000 -0.323967)
            (0.858299 0.500000 -0.324444)
            (0.860419 0.500000 -0.324915)
            (0.862514 0.500000 -0.325380)
            (0.864583 0.500000 -0.325838)
            (0.866627 0.500000 -0.326290)
            (0.868644 0.500000 -0.326735)
            (0.870636 0.500000 -0.327174)
            (0.872602 0.500000 -0.327606)
            (0.874542 0.500000 -0.328033)
            (0.876455 0.500000 -0.328452)
            (0.878342 0.500000 -0.328866)
            (0.880202 0.500000 -0.329273)
            (0.882036 0.500000 -0.329673)
            (0.883843 0.500000 -0.330067)
            (0.885623 0.500000 -0.330455)
            (0.887376 0.500000 -0.330836)
            (0.889102 0.500000 -0.331211)
            (0.890800 0.500000 -0.331579)
            (0.892471 0.500000 -0.331941)
            (0.894115 0.500000 -0.332296)
            (0.895731 0.500000 -0.332645)
            (0.897319 0.500000 -0.332988)
            (0.898880 0.500000 -0.333324)
            (0.900412 0.500000 -0.333653)
            (0.901917 0.500000 -0.333977)
            (0.903394 0.500000 -0.334293)
            (0.904842 0.500000 -0.334604)
            (0.906262 0.500000 -0.334908)
            (0.907653 0.500000 -0.335205)
            (0.909016 0.500000 -0.335496)
            (0.910351 0.500000 -0.335781)
            (0.911657 0.500000 -0.336059)
            (0.912934 0.500000 -0.336331)
            (0.914182 0.500000 -0.336596)
            (0.915401 0.500000 -0.336855)
            (0.916591 0.500000 -0.337107)
            (0.917752 0.500000 -0.337353)
            (0.918884 0.500000 -0.337593)
            (0.919987 0.500000 -0.337826)
            (0.921060 0.500000 -0.338053)
            (0.922104 0.500000 -0.338273)
            (0.923118 0.500000 -0.338487)
            (0.924103 0.500000 -0.338694)
            (0.925059 0.500000 -0.338895)
            (0.925984 0.500000 -0.339090)
            (0.926880 0.500000 -0.339278)
            (0.927746 0.500000 -0.339460)
            (0.928582 0.500000 -0.339635)
            (0.929389 0.500000 -0.339804)
            (0.930165 0.500000 -0.339967)
            (0.930911 0.500000 -0.340123)
            (0.931627 0.500000 -0.340273)
            (0.932314 0.500000 -0.340417)
            (0.932969 0.500000 -0.340554)
            (0.933595 0.500000 -0.340684)
            (0.934191 0.500000 -0.340809)
            (0.934756 0.500000 -0.340926)
            (0.935291 0.500000 -0.341038)
            (0.935795 0.500000 -0.341143)
            (0.936269 0.500000 -0.341242)
            (0.936713 0.500000 -0.341334)
            (0.937126 0.500000 -0.341420)
            (0.937509 0.500000 -0.341500)
            (0.937861 0.500000 -0.341573)
            (0.938183 0.500000 -0.341640)
            (0.938474 0.500000 -0.341700)
            (0.938734 0.500000 -0.341755)
            (0.938964 0.500000 -0.341802)
            (0.939163 0.500000 -0.341844)
            (0.939332 0.500000 -0.341879)
            (0.939470 0.500000 -0.341907)
            (0.939577 0.500000 -0.341930)
            (0.939654 0.500000 -0.341946)
            (0.939700 0.500000 -0.341955)
        ) 
    spline 16 17 
        ( 
            (0.000254 -0.500000 0.000653)
            (0.000536 -0.500000 0.001292)
            (0.000847 -0.500000 0.001919)
            (0.001186 -0.500000 0.002534)
            (0.001553 -0.500000 0.003135)
            (0.001949 -0.500000 0.003723)
            (0.002372 -0.500000 0.004299)
            (0.002824 -0.500000 0.004862)
            (0.003305 -0.500000 0.005411)
            (0.003813 -0.500000 0.005948)
            (0.004350 -0.500000 0.006472)
            (0.004914 -0.500000 0.006983)
            (0.005507 -0.500000 0.007481)
            (0.006128 -0.500000 0.007967)
            (0.006777 -0.500000 0.008439)
            (0.007455 -0.500000 0.008898)
            (0.008160 -0.500000 0.009344)
            (0.008893 -0.500000 0.009777)
            (0.009654 -0.500000 0.010197)
            (0.010442 -0.500000 0.010604)
            (0.011259 -0.500000 0.010998)
            (0.012103 -0.500000 0.011379)
            (0.012976 -0.500000 0.011747)
            (0.013875 -0.500000 0.012102)
            (0.014803 -0.500000 0.012443)
            (0.015758 -0.500000 0.012771)
            (0.016740 -0.500000 0.013087)
            (0.017750 -0.500000 0.013389)
            (0.018788 -0.500000 0.013677)
            (0.019852 -0.500000 0.013953)
            (0.020944 -0.500000 0.014215)
            (0.022063 -0.500000 0.014464)
            (0.023209 -0.500000 0.014700)
            (0.024383 -0.500000 0.014923)
            (0.025583 -0.500000 0.015132)
            (0.026810 -0.500000 0.015328)
            (0.028064 -0.500000 0.015510)
            (0.029344 -0.500000 0.015679)
            (0.030652 -0.500000 0.015835)
            (0.031985 -0.500000 0.015978)
            (0.033346 -0.500000 0.016107)
            (0.034733 -0.500000 0.016222)
            (0.036146 -0.500000 0.016324)
            (0.037585 -0.500000 0.016413)
            (0.039050 -0.500000 0.016488)
            (0.040542 -0.500000 0.016550)
            (0.042059 -0.500000 0.016598)
            (0.043602 -0.500000 0.016633)
            (0.045171 -0.500000 0.016654)
            (0.046765 -0.500000 0.016661)
            (0.048385 -0.500000 0.016655)
            (0.050031 -0.500000 0.016635)
            (0.051702 -0.500000 0.016602)
            (0.053398 -0.500000 0.016555)
            (0.055119 -0.500000 0.016495)
            (0.056865 -0.500000 0.016421)
            (0.058636 -0.500000 0.016333)
            (0.060431 -0.500000 0.016232)
            (0.062252 -0.500000 0.016117)
            (0.064097 -0.500000 0.015988)
            (0.065966 -0.500000 0.015846)
            (0.067859 -0.500000 0.015690)
            (0.069777 -0.500000 0.015520)
            (0.071719 -0.500000 0.015337)
            (0.073684 -0.500000 0.015140)
            (0.075673 -0.500000 0.014929)
            (0.077686 -0.500000 0.014704)
            (0.079723 -0.500000 0.014466)
            (0.081783 -0.500000 0.014214)
            (0.083866 -0.500000 0.013948)
            (0.085972 -0.500000 0.013669)
            (0.088101 -0.500000 0.013376)
            (0.090253 -0.500000 0.013069)
            (0.092428 -0.500000 0.012748)
            (0.094625 -0.500000 0.012414)
            (0.096845 -0.500000 0.012066)
            (0.099087 -0.500000 0.011704)
            (0.101351 -0.500000 0.011329)
            (0.103637 -0.500000 0.010940)
            (0.105945 -0.500000 0.010537)
            (0.108274 -0.500000 0.010121)
            (0.110626 -0.500000 0.009691)
            (0.112998 -0.500000 0.009247)
            (0.115392 -0.500000 0.008789)
            (0.117807 -0.500000 0.008319)
            (0.120242 -0.500000 0.007834)
            (0.122699 -0.500000 0.007336)
            (0.125176 -0.500000 0.006824)
            (0.127673 -0.500000 0.006299)
            (0.130191 -0.500000 0.005760)
            (0.132729 -0.500000 0.005208)
            (0.135287 -0.500000 0.004642)
            (0.137865 -0.500000 0.004063)
            (0.140462 -0.500000 0.003470)
            (0.143079 -0.500000 0.002864)
            (0.145715 -0.500000 0.002245)
            (0.148371 -0.500000 0.001612)
            (0.151045 -0.500000 0.000966)
            (0.153738 -0.500000 0.000307)
            (0.156450 -0.500000 -0.000365)
            (0.159180 -0.500000 -0.001051)
            (0.161929 -0.500000 -0.001750)
            (0.164695 -0.500000 -0.002462)
            (0.167480 -0.500000 -0.003187)
            (0.170282 -0.500000 -0.003925)
            (0.173103 -0.500000 -0.004676)
            (0.175940 -0.500000 -0.005440)
            (0.178795 -0.500000 -0.006217)
            (0.181667 -0.500000 -0.007007)
            (0.184555 -0.500000 -0.007809)
            (0.187461 -0.500000 -0.008625)
            (0.190383 -0.500000 -0.009453)
            (0.193321 -0.500000 -0.010293)
            (0.196276 -0.500000 -0.011147)
            (0.199246 -0.500000 -0.012012)
            (0.202233 -0.500000 -0.012891)
            (0.205235 -0.500000 -0.013781)
            (0.208253 -0.500000 -0.014684)
            (0.211285 -0.500000 -0.015599)
            (0.214333 -0.500000 -0.016527)
            (0.217396 -0.500000 -0.017467)
            (0.220474 -0.500000 -0.018418)
            (0.223566 -0.500000 -0.019382)
            (0.226672 -0.500000 -0.020358)
            (0.229792 -0.500000 -0.021345)
            (0.232927 -0.500000 -0.022345)
            (0.236075 -0.500000 -0.023356)
            (0.239237 -0.500000 -0.024378)
            (0.242412 -0.500000 -0.025412)
            (0.245601 -0.500000 -0.026458)
            (0.248802 -0.500000 -0.027515)
            (0.252017 -0.500000 -0.028584)
            (0.255244 -0.500000 -0.029663)
            (0.258483 -0.500000 -0.030754)
            (0.261735 -0.500000 -0.031856)
            (0.264998 -0.500000 -0.032969)
            (0.268274 -0.500000 -0.034093)
            (0.271561 -0.500000 -0.035227)
            (0.274860 -0.500000 -0.036373)
            (0.278170 -0.500000 -0.037528)
            (0.281491 -0.500000 -0.038695)
            (0.284822 -0.500000 -0.039871)
            (0.288165 -0.500000 -0.041059)
            (0.291518 -0.500000 -0.042256)
            (0.294881 -0.500000 -0.043463)
            (0.298255 -0.500000 -0.044681)
        ) 
    spline 17 19 
        ( 
            (0.305031 -0.500000 -0.047145)
            (0.308433 -0.500000 -0.048392)
            (0.311845 -0.500000 -0.049649)
            (0.315266 -0.500000 -0.050914)
            (0.318695 -0.500000 -0.052190)
            (0.322134 -0.500000 -0.053474)
            (0.325580 -0.500000 -0.054768)
            (0.329035 -0.500000 -0.056071)
            (0.332499 -0.500000 -0.057383)
            (0.335970 -0.500000 -0.058703)
            (0.339448 -0.500000 -0.060033)
            (0.342934 -0.500000 -0.061370)
            (0.346428 -0.500000 -0.062717)
            (0.349928 -0.500000 -0.064072)
            (0.353435 -0.500000 -0.065435)
            (0.356949 -0.500000 -0.066806)
            (0.360470 -0.500000 -0.068185)
            (0.363996 -0.500000 -0.069572)
            (0.367529 -0.500000 -0.070966)
            (0.371067 -0.500000 -0.072369)
            (0.374611 -0.500000 -0.073779)
            (0.378161 -0.500000 -0.075196)
            (0.381716 -0.500000 -0.076621)
            (0.385275 -0.500000 -0.078052)
            (0.388840 -0.500000 -0.079491)
            (0.392409 -0.500000 -0.080937)
            (0.395982 -0.500000 -0.082389)
            (0.399560 -0.500000 -0.083848)
            (0.403141 -0.500000 -0.085313)
            (0.406726 -0.500000 -0.086785)
            (0.410315 -0.500000 -0.088263)
            (0.413907 -0.500000 -0.089748)
            (0.417503 -0.500000 -0.091238)
            (0.421101 -0.500000 -0.092734)
            (0.424702 -0.500000 -0.094236)
            (0.428305 -0.500000 -0.095743)
            (0.431911 -0.500000 -0.097256)
            (0.435518 -0.500000 -0.098774)
            (0.439128 -0.500000 -0.100298)
            (0.442739 -0.500000 -0.101826)
            (0.446352 -0.500000 -0.103360)
            (0.449966 -0.500000 -0.104898)
            (0.453581 -0.500000 -0.106441)
            (0.457197 -0.500000 -0.107988)
            (0.460813 -0.500000 -0.109540)
            (0.464430 -0.500000 -0.111096)
            (0.468047 -0.500000 -0.112656)
            (0.471664 -0.500000 -0.114220)
            (0.475280 -0.500000 -0.115788)
            (0.478897 -0.500000 -0.117360)
            (0.482512 -0.500000 -0.118935)
            (0.486127 -0.500000 -0.120514)
            (0.489741 -0.500000 -0.122096)
            (0.493353 -0.500000 -0.123681)
            (0.496964 -0.500000 -0.125269)
            (0.500573 -0.500000 -0.126860)
            (0.504180 -0.500000 -0.128454)
            (0.507786 -0.500000 -0.130051)
            (0.511388 -0.500000 -0.131650)
            (0.514989 -0.500000 -0.133251)
            (0.518586 -0.500000 -0.134855)
            (0.522181 -0.500000 -0.136461)
            (0.525772 -0.500000 -0.138068)
            (0.529360 -0.500000 -0.139678)
            (0.532945 -0.500000 -0.141289)
            (0.536525 -0.500000 -0.142902)
            (0.540102 -0.500000 -0.144516)
            (0.543674 -0.500000 -0.146131)
            (0.547242 -0.500000 -0.147748)
            (0.550805 -0.500000 -0.149366)
            (0.554364 -0.500000 -0.150984)
            (0.557917 -0.500000 -0.152603)
            (0.561465 -0.500000 -0.154223)
            (0.565008 -0.500000 -0.155843)
            (0.568545 -0.500000 -0.157464)
            (0.572076 -0.500000 -0.159085)
            (0.575601 -0.500000 -0.160706)
            (0.579119 -0.500000 -0.162326)
            (0.582632 -0.500000 -0.163947)
            (0.586137 -0.500000 -0.165567)
            (0.589635 -0.500000 -0.167187)
            (0.593127 -0.500000 -0.168807)
            (0.596611 -0.500000 -0.170425)
            (0.600087 -0.500000 -0.172043)
            (0.603556 -0.500000 -0.173660)
            (0.607017 -0.500000 -0.175276)
            (0.610470 -0.500000 -0.176890)
            (0.613914 -0.500000 -0.178503)
            (0.617350 -0.500000 -0.180115)
            (0.620777 -0.500000 -0.181725)
            (0.624195 -0.500000 -0.183333)
            (0.627604 -0.500000 -0.184939)
            (0.631003 -0.500000 -0.186544)
            (0.634393 -0.500000 -0.188146)
            (0.637773 -0.500000 -0.189746)
            (0.641143 -0.500000 -0.191343)
            (0.644503 -0.500000 -0.192938)
            (0.647853 -0.500000 -0.194531)
            (0.651192 -0.500000 -0.196120)
            (0.654521 -0.500000 -0.197707)
            (0.657838 -0.500000 -0.199291)
            (0.661144 -0.500000 -0.200872)
            (0.664439 -0.500000 -0.202449)
            (0.667722 -0.500000 -0.204023)
            (0.670994 -0.500000 -0.205594)
            (0.674254 -0.500000 -0.207160)
            (0.677501 -0.500000 -0.208724)
            (0.680737 -0.500000 -0.210283)
            (0.683959 -0.500000 -0.211838)
            (0.687169 -0.500000 -0.213389)
            (0.690366 -0.500000 -0.214936)
            (0.693551 -0.500000 -0.216479)
            (0.696721 -0.500000 -0.218017)
            (0.699879 -0.500000 -0.219551)
            (0.703022 -0.500000 -0.221079)
            (0.706152 -0.500000 -0.222604)
            (0.709268 -0.500000 -0.224123)
            (0.712370 -0.500000 -0.225637)
            (0.715457 -0.500000 -0.227145)
            (0.718530 -0.500000 -0.228649)
            (0.721588 -0.500000 -0.230147)
            (0.724631 -0.500000 -0.231640)
            (0.727659 -0.500000 -0.233127)
            (0.730671 -0.500000 -0.234608)
            (0.733668 -0.500000 -0.236083)
            (0.736650 -0.500000 -0.237553)
            (0.739615 -0.500000 -0.239016)
            (0.742565 -0.500000 -0.240473)
            (0.745499 -0.500000 -0.241924)
            (0.748416 -0.500000 -0.243368)
            (0.751316 -0.500000 -0.244806)
            (0.754200 -0.500000 -0.246237)
            (0.757067 -0.500000 -0.247662)
            (0.759917 -0.500000 -0.249079)
            (0.762750 -0.500000 -0.250490)
            (0.765566 -0.500000 -0.251893)
            (0.768364 -0.500000 -0.253289)
            (0.771144 -0.500000 -0.254678)
            (0.773906 -0.500000 -0.256060)
            (0.776651 -0.500000 -0.257434)
            (0.779377 -0.500000 -0.258800)
            (0.782084 -0.500000 -0.260159)
            (0.784774 -0.500000 -0.261509)
            (0.787444 -0.500000 -0.262852)
            (0.790096 -0.500000 -0.264187)
            (0.792729 -0.500000 -0.265513)
            (0.795343 -0.500000 -0.266832)
            (0.797937 -0.500000 -0.268142)
            (0.800512 -0.500000 -0.269443)
            (0.803067 -0.500000 -0.270736)
            (0.805603 -0.500000 -0.272020)
            (0.808118 -0.500000 -0.273296)
            (0.810614 -0.500000 -0.274562)
            (0.813089 -0.500000 -0.275820)
            (0.815545 -0.500000 -0.277068)
            (0.817979 -0.500000 -0.278307)
            (0.820393 -0.500000 -0.279537)
            (0.822786 -0.500000 -0.280758)
            (0.825159 -0.500000 -0.281969)
            (0.827510 -0.500000 -0.283170)
            (0.829840 -0.500000 -0.284362)
            (0.832149 -0.500000 -0.285544)
            (0.834436 -0.500000 -0.286717)
            (0.836702 -0.500000 -0.287879)
            (0.838946 -0.500000 -0.289031)
            (0.841168 -0.500000 -0.290173)
            (0.843368 -0.500000 -0.291305)
            (0.845546 -0.500000 -0.292426)
            (0.847702 -0.500000 -0.293537)
            (0.849836 -0.500000 -0.294638)
            (0.851947 -0.500000 -0.295728)
            (0.854035 -0.500000 -0.296807)
            (0.856101 -0.500000 -0.297875)
            (0.858144 -0.500000 -0.298932)
            (0.860163 -0.500000 -0.299979)
            (0.862160 -0.500000 -0.301014)
            (0.864134 -0.500000 -0.302039)
            (0.866084 -0.500000 -0.303052)
            (0.868011 -0.500000 -0.304053)
            (0.869914 -0.500000 -0.305044)
            (0.871794 -0.500000 -0.306022)
            (0.873650 -0.500000 -0.306990)
            (0.875482 -0.500000 -0.307945)
            (0.877290 -0.500000 -0.308889)
            (0.879074 -0.500000 -0.309821)
            (0.880834 -0.500000 -0.310741)
            (0.882570 -0.500000 -0.311649)
            (0.884281 -0.500000 -0.312545)
            (0.885968 -0.500000 -0.313429)
            (0.887630 -0.500000 -0.314301)
            (0.889267 -0.500000 -0.315160)
            (0.890880 -0.500000 -0.316007)
            (0.892468 -0.500000 -0.316842)
            (0.894031 -0.500000 -0.317664)
            (0.895569 -0.500000 -0.318473)
            (0.897082 -0.500000 -0.319270)
            (0.898570 -0.500000 -0.320054)
            (0.900032 -0.500000 -0.320825)
            (0.901469 -0.500000 -0.321584)
            (0.902881 -0.500000 -0.322329)
            (0.904267 -0.500000 -0.323062)
            (0.905627 -0.500000 -0.323781)
            (0.906962 -0.500000 -0.324487)
            (0.908271 -0.500000 -0.325180)
            (0.909554 -0.500000 -0.325860)
            (0.910812 -0.500000 -0.326526)
            (0.912043 -0.500000 -0.327179)
            (0.913248 -0.500000 -0.327819)
            (0.914427 -0.500000 -0.328445)
            (0.915580 -0.500000 -0.329058)
            (0.916707 -0.500000 -0.329657)
            (0.917807 -0.500000 -0.330242)
            (0.918881 -0.500000 -0.330813)
            (0.919929 -0.500000 -0.331371)
            (0.920950 -0.500000 -0.331915)
            (0.921945 -0.500000 -0.332445)
            (0.922913 -0.500000 -0.332961)
            (0.923854 -0.500000 -0.333463)
            (0.924769 -0.500000 -0.333951)
            (0.925657 -0.500000 -0.334425)
            (0.926518 -0.500000 -0.334885)
            (0.927352 -0.500000 -0.335331)
            (0.928159 -0.500000 -0.335763)
            (0.928940 -0.500000 -0.336180)
            (0.929693 -0.500000 -0.336583)
            (0.930419 -0.500000 -0.336972)
            (0.931119 -0.500000 -0.337346)
            (0.931791 -0.500000 -0.337706)
            (0.932436 -0.500000 -0.338051)
            (0.933054 -0.500000 -0.338382)
            (0.933644 -0.500000 -0.338699)
            (0.934208 -0.500000 -0.339001)
            (0.934744 -0.500000 -0.339289)
            (0.935253 -0.500000 -0.339561)
            (0.935734 -0.500000 -0.339820)
            (0.936188 -0.500000 -0.340063)
            (0.936615 -0.500000 -0.340292)
            (0.937014 -0.500000 -0.340507)
            (0.937386 -0.500000 -0.340707)
            (0.937730 -0.500000 -0.340891)
            (0.938047 -0.500000 -0.341062)
            (0.938336 -0.500000 -0.341217)
            (0.938598 -0.500000 -0.341358)
            (0.938833 -0.500000 -0.341484)
            (0.939039 -0.500000 -0.341595)
            (0.939219 -0.500000 -0.341691)
            (0.939370 -0.500000 -0.341773)
            (0.939494 -0.500000 -0.341840)
            (0.939591 -0.500000 -0.341892)
            (0.939660 -0.500000 -0.341929)
            (0.939701 -0.500000 -0.341951)
        ) 
    spline 16 18 
        ( 
            (-0.000225 -0.500000 -0.000663)
            (-0.000420 -0.500000 -0.001335)
            (-0.000585 -0.500000 -0.002015)
            (-0.000720 -0.500000 -0.002703)
            (-0.000825 -0.500000 -0.003400)
            (-0.000900 -0.500000 -0.004105)
            (-0.000945 -0.500000 -0.004818)
            (-0.000961 -0.500000 -0.005540)
            (-0.000946 -0.500000 -0.006270)
            (-0.000902 -0.500000 -0.007008)
            (-0.000827 -0.500000 -0.007754)
            (-0.000723 -0.500000 -0.008509)
            (-0.000589 -0.500000 -0.009271)
            (-0.000425 -0.500000 -0.010042)
            (-0.000231 -0.500000 -0.010821)
            (-0.000007 -0.500000 -0.011608)
            (0.000246 -0.500000 -0.012403)
            (0.000529 -0.500000 -0.013206)
            (0.000842 -0.500000 -0.014017)
            (0.001185 -0.500000 -0.014835)
            (0.001557 -0.500000 -0.015662)
            (0.001960 -0.500000 -0.016497)
            (0.002391 -0.500000 -0.017339)
            (0.002853 -0.500000 -0.018189)
            (0.003344 -0.500000 -0.019047)
            (0.003864 -0.500000 -0.019912)
            (0.004415 -0.500000 -0.020785)
            (0.004994 -0.500000 -0.021665)
            (0.005603 -0.500000 -0.022553)
            (0.006242 -0.500000 -0.023449)
            (0.006910 -0.500000 -0.024351)
            (0.007607 -0.500000 -0.025261)
            (0.008334 -0.500000 -0.026179)
            (0.009090 -0.500000 -0.027103)
            (0.009875 -0.500000 -0.028035)
            (0.010689 -0.500000 -0.028973)
            (0.011532 -0.500000 -0.029919)
            (0.012405 -0.500000 -0.030872)
            (0.013306 -0.500000 -0.031831)
            (0.014236 -0.500000 -0.032798)
            (0.015196 -0.500000 -0.033771)
            (0.016184 -0.500000 -0.034750)
            (0.017201 -0.500000 -0.035737)
            (0.018246 -0.500000 -0.036730)
            (0.019321 -0.500000 -0.037729)
            (0.020424 -0.500000 -0.038735)
            (0.021555 -0.500000 -0.039747)
            (0.022715 -0.500000 -0.040765)
            (0.023904 -0.500000 -0.041790)
            (0.025120 -0.500000 -0.042820)
            (0.026366 -0.500000 -0.043857)
            (0.027639 -0.500000 -0.044899)
            (0.028940 -0.500000 -0.045947)
            (0.030270 -0.500000 -0.047002)
            (0.031627 -0.500000 -0.048061)
            (0.033012 -0.500000 -0.049127)
            (0.034425 -0.500000 -0.050198)
            (0.035866 -0.500000 -0.051274)
            (0.037335 -0.500000 -0.052356)
            (0.038831 -0.500000 -0.053443)
            (0.040354 -0.500000 -0.054535)
            (0.041905 -0.500000 -0.055633)
            (0.043483 -0.500000 -0.056735)
            (0.045089 -0.500000 -0.057842)
            (0.046722 -0.500000 -0.058955)
            (0.048381 -0.500000 -0.060072)
            (0.050068 -0.500000 -0.061193)
            (0.051781 -0.500000 -0.062320)
            (0.053521 -0.500000 -0.063450)
            (0.055288 -0.500000 -0.064586)
            (0.057081 -0.500000 -0.065725)
            (0.058901 -0.500000 -0.066869)
            (0.060747 -0.500000 -0.068017)
            (0.062619 -0.500000 -0.069169)
            (0.064517 -0.500000 -0.070325)
            (0.066441 -0.500000 -0.071485)
            (0.068391 -0.500000 -0.072649)
            (0.070367 -0.500000 -0.073816)
            (0.072368 -0.500000 -0.074987)
            (0.074395 -0.500000 -0.076162)
            (0.076448 -0.500000 -0.077340)
            (0.078525 -0.500000 -0.078522)
            (0.080628 -0.500000 -0.079707)
            (0.082756 -0.500000 -0.080895)
            (0.084909 -0.500000 -0.082086)
            (0.087086 -0.500000 -0.083280)
            (0.089288 -0.500000 -0.084477)
            (0.091515 -0.500000 -0.085677)
            (0.093766 -0.500000 -0.086880)
            (0.096041 -0.500000 -0.088085)
            (0.098341 -0.500000 -0.089293)
            (0.100664 -0.500000 -0.090504)
            (0.103011 -0.500000 -0.091717)
            (0.105382 -0.500000 -0.092932)
            (0.107776 -0.500000 -0.094150)
            (0.110194 -0.500000 -0.095369)
            (0.112635 -0.500000 -0.096591)
            (0.115099 -0.500000 -0.097815)
            (0.117586 -0.500000 -0.099041)
            (0.120096 -0.500000 -0.100268)
            (0.122628 -0.500000 -0.101498)
            (0.125183 -0.500000 -0.102729)
            (0.127760 -0.500000 -0.103961)
            (0.130360 -0.500000 -0.105196)
            (0.132981 -0.500000 -0.106431)
            (0.135624 -0.500000 -0.107668)
            (0.138289 -0.500000 -0.108906)
            (0.140976 -0.500000 -0.110146)
            (0.143683 -0.500000 -0.111387)
            (0.146412 -0.500000 -0.112628)
            (0.149162 -0.500000 -0.113871)
            (0.151933 -0.500000 -0.115115)
            (0.154724 -0.500000 -0.116359)
            (0.157536 -0.500000 -0.117604)
            (0.160369 -0.500000 -0.118850)
            (0.163221 -0.500000 -0.120097)
            (0.166093 -0.500000 -0.121344)
            (0.168986 -0.500000 -0.122591)
            (0.171897 -0.500000 -0.123839)
            (0.174829 -0.500000 -0.125087)
            (0.177779 -0.500000 -0.126336)
            (0.180748 -0.500000 -0.127585)
            (0.183737 -0.500000 -0.128834)
            (0.186744 -0.500000 -0.130082)
            (0.189769 -0.500000 -0.131331)
            (0.192813 -0.500000 -0.132580)
            (0.195874 -0.500000 -0.133829)
            (0.198954 -0.500000 -0.135078)
            (0.202051 -0.500000 -0.136326)
            (0.205166 -0.500000 -0.137574)
            (0.208298 -0.500000 -0.138822)
            (0.211448 -0.500000 -0.140069)
            (0.214614 -0.500000 -0.141316)
            (0.217797 -0.500000 -0.142562)
            (0.220996 -0.500000 -0.143807)
            (0.224212 -0.500000 -0.145052)
            (0.227443 -0.500000 -0.146297)
            (0.230691 -0.500000 -0.147540)
            (0.233954 -0.500000 -0.148783)
            (0.237233 -0.500000 -0.150024)
            (0.240527 -0.500000 -0.151265)
            (0.243836 -0.500000 -0.152505)
            (0.247159 -0.500000 -0.153744)
            (0.250498 -0.500000 -0.154981)
            (0.253850 -0.500000 -0.156218)
            (0.257217 -0.500000 -0.157453)
        ) 
    spline 18 19 
        ( 
            (0.263993 -0.500000 -0.159920)
            (0.267401 -0.500000 -0.161151)
            (0.270822 -0.500000 -0.162381)
            (0.274256 -0.500000 -0.163610)
            (0.277703 -0.500000 -0.164837)
            (0.281163 -0.500000 -0.166063)
            (0.284635 -0.500000 -0.167287)
            (0.288120 -0.500000 -0.168509)
            (0.291616 -0.500000 -0.169730)
            (0.295124 -0.500000 -0.170949)
            (0.298643 -0.500000 -0.172166)
            (0.302174 -0.500000 -0.173382)
            (0.305716 -0.500000 -0.174595)
            (0.309268 -0.500000 -0.175807)
            (0.312831 -0.500000 -0.177017)
            (0.316404 -0.500000 -0.178225)
            (0.319988 -0.500000 -0.179431)
            (0.323581 -0.500000 -0.180635)
            (0.327184 -0.500000 -0.181836)
            (0.330796 -0.500000 -0.183036)
            (0.334417 -0.500000 -0.184234)
            (0.338048 -0.500000 -0.185429)
            (0.341686 -0.500000 -0.186622)
            (0.345334 -0.500000 -0.187813)
            (0.348989 -0.500000 -0.189002)
            (0.352653 -0.500000 -0.190188)
            (0.356324 -0.500000 -0.191372)
            (0.360002 -0.500000 -0.192553)
            (0.363688 -0.500000 -0.193732)
            (0.367381 -0.500000 -0.194909)
            (0.371080 -0.500000 -0.196083)
            (0.374786 -0.500000 -0.197254)
            (0.378498 -0.500000 -0.198423)
            (0.382216 -0.500000 -0.199590)
            (0.385940 -0.500000 -0.200753)
            (0.389670 -0.500000 -0.201914)
            (0.393405 -0.500000 -0.203072)
            (0.397144 -0.500000 -0.204228)
            (0.400889 -0.500000 -0.205381)
            (0.404638 -0.500000 -0.206531)
            (0.408391 -0.500000 -0.207678)
            (0.412148 -0.500000 -0.208822)
            (0.415909 -0.500000 -0.209963)
            (0.419674 -0.500000 -0.211101)
            (0.423442 -0.500000 -0.212237)
            (0.427213 -0.500000 -0.213369)
            (0.430987 -0.500000 -0.214498)
            (0.434763 -0.500000 -0.215625)
            (0.438542 -0.500000 -0.216748)
            (0.442322 -0.500000 -0.217868)
            (0.446105 -0.500000 -0.218985)
            (0.449889 -0.500000 -0.220098)
            (0.453674 -0.500000 -0.221209)
            (0.457460 -0.500000 -0.222316)
            (0.461247 -0.500000 -0.223420)
            (0.465035 -0.500000 -0.224520)
            (0.468823 -0.500000 -0.225617)
            (0.472611 -0.500000 -0.226711)
            (0.476399 -0.500000 -0.227802)
            (0.480187 -0.500000 -0.228889)
            (0.483974 -0.500000 -0.229972)
            (0.487759 -0.500000 -0.231052)
            (0.491544 -0.500000 -0.232129)
            (0.495327 -0.500000 -0.233201)
            (0.499109 -0.500000 -0.234271)
            (0.502889 -0.500000 -0.235336)
            (0.506666 -0.500000 -0.236398)
            (0.510441 -0.500000 -0.237457)
            (0.514214 -0.500000 -0.238511)
            (0.517983 -0.500000 -0.239562)
            (0.521750 -0.500000 -0.240609)
            (0.525512 -0.500000 -0.241652)
            (0.529272 -0.500000 -0.242691)
            (0.533027 -0.500000 -0.243727)
            (0.536779 -0.500000 -0.244758)
            (0.540525 -0.500000 -0.245786)
            (0.544268 -0.500000 -0.246810)
            (0.548005 -0.500000 -0.247829)
            (0.551738 -0.500000 -0.248845)
            (0.555465 -0.500000 -0.249856)
            (0.559186 -0.500000 -0.250864)
            (0.562902 -0.500000 -0.251867)
            (0.566611 -0.500000 -0.252866)
            (0.570314 -0.500000 -0.253861)
            (0.574011 -0.500000 -0.254852)
            (0.577701 -0.500000 -0.255838)
            (0.581383 -0.500000 -0.256820)
            (0.585059 -0.500000 -0.257798)
            (0.588727 -0.500000 -0.258771)
            (0.592387 -0.500000 -0.259740)
            (0.596039 -0.500000 -0.260705)
            (0.599683 -0.500000 -0.261665)
            (0.603319 -0.500000 -0.262621)
            (0.606946 -0.500000 -0.263572)
            (0.610564 -0.500000 -0.264519)
            (0.614172 -0.500000 -0.265461)
            (0.617772 -0.500000 -0.266398)
            (0.621361 -0.500000 -0.267331)
            (0.624941 -0.500000 -0.268259)
            (0.628511 -0.500000 -0.269182)
            (0.632070 -0.500000 -0.270101)
            (0.635619 -0.500000 -0.271015)
            (0.639157 -0.500000 -0.271924)
            (0.642685 -0.500000 -0.272828)
            (0.646200 -0.500000 -0.273728)
            (0.649705 -0.500000 -0.274622)
            (0.653197 -0.500000 -0.275512)
            (0.656678 -0.500000 -0.276396)
            (0.660147 -0.500000 -0.277276)
            (0.663603 -0.500000 -0.278151)
            (0.667047 -0.500000 -0.279020)
            (0.670477 -0.500000 -0.279885)
            (0.673895 -0.500000 -0.280744)
            (0.677300 -0.500000 -0.281599)
            (0.680691 -0.500000 -0.282448)
            (0.684068 -0.500000 -0.283292)
            (0.687431 -0.500000 -0.284130)
            (0.690781 -0.500000 -0.284964)
            (0.694116 -0.500000 -0.285792)
            (0.697436 -0.500000 -0.286615)
            (0.700742 -0.500000 -0.287432)
            (0.704032 -0.500000 -0.288244)
            (0.707308 -0.500000 -0.289051)
            (0.710568 -0.500000 -0.289853)
            (0.713812 -0.500000 -0.290648)
            (0.717041 -0.500000 -0.291439)
            (0.720253 -0.500000 -0.292224)
            (0.723450 -0.500000 -0.293003)
            (0.726629 -0.500000 -0.293777)
            (0.729793 -0.500000 -0.294545)
            (0.732939 -0.500000 -0.295308)
            (0.736068 -0.500000 -0.296065)
            (0.739180 -0.500000 -0.296816)
            (0.742275 -0.500000 -0.297562)
            (0.745352 -0.500000 -0.298302)
            (0.748411 -0.500000 -0.299036)
            (0.751451 -0.500000 -0.299765)
            (0.754474 -0.500000 -0.300488)
            (0.757478 -0.500000 -0.301204)
            (0.760464 -0.500000 -0.301916)
            (0.763431 -0.500000 -0.302621)
            (0.766378 -0.500000 -0.303320)
            (0.769307 -0.500000 -0.304014)
            (0.772216 -0.500000 -0.304701)
            (0.775105 -0.500000 -0.305383)
            (0.777975 -0.500000 -0.306059)
            (0.780824 -0.500000 -0.306729)
            (0.783654 -0.500000 -0.307392)
            (0.786463 -0.500000 -0.308050)
            (0.789252 -0.500000 -0.308702)
            (0.792019 -0.500000 -0.309348)
            (0.794766 -0.500000 -0.309987)
            (0.797492 -0.500000 -0.310621)
            (0.800197 -0.500000 -0.311248)
            (0.802880 -0.500000 -0.311870)
            (0.805542 -0.500000 -0.312485)
            (0.808182 -0.500000 -0.313094)
            (0.810800 -0.500000 -0.313697)
            (0.813396 -0.500000 -0.314294)
            (0.815969 -0.500000 -0.314885)
            (0.818520 -0.500000 -0.315469)
            (0.821049 -0.500000 -0.316047)
            (0.823555 -0.500000 -0.316619)
            (0.826038 -0.500000 -0.317185)
            (0.828497 -0.500000 -0.317744)
            (0.830934 -0.500000 -0.318298)
            (0.833347 -0.500000 -0.318844)
            (0.835736 -0.500000 -0.319385)
            (0.838102 -0.500000 -0.319920)
            (0.840444 -0.500000 -0.320448)
            (0.842761 -0.500000 -0.320969)
            (0.845055 -0.500000 -0.321485)
            (0.847324 -0.500000 -0.321994)
            (0.849569 -0.500000 -0.322497)
            (0.851789 -0.500000 -0.322993)
            (0.853984 -0.500000 -0.323483)
            (0.856154 -0.500000 -0.323967)
            (0.858299 -0.500000 -0.324444)
            (0.860419 -0.500000 -0.324915)
            (0.862514 -0.500000 -0.325380)
            (0.864583 -0.500000 -0.325838)
            (0.866627 -0.500000 -0.326290)
            (0.868644 -0.500000 -0.326735)
            (0.870636 -0.500000 -0.327174)
            (0.872602 -0.500000 -0.327606)
            (0.874542 -0.500000 -0.328033)
            (0.876455 -0.500000 -0.328452)
            (0.878342 -0.500000 -0.328866)
            (0.880202 -0.500000 -0.329273)
            (0.882036 -0.500000 -0.329673)
            (0.883843 -0.500000 -0.330067)
            (0.885623 -0.500000 -0.330455)
            (0.887376 -0.500000 -0.330836)
            (0.889102 -0.500000 -0.331211)
            (0.890800 -0.500000 -0.331579)
            (0.892471 -0.500000 -0.331941)
            (0.894115 -0.500000 -0.332296)
            (0.895731 -0.500000 -0.332645)
            (0.897319 -0.500000 -0.332988)
            (0.898880 -0.500000 -0.333324)
            (0.900412 -0.500000 -0.333653)
            (0.901917 -0.500000 -0.333977)
            (0.903394 -0.500000 -0.334293)
            (0.904842 -0.500000 -0.334604)
            (0.906262 -0.500000 -0.334908)
            (0.907653 -0.500000 -0.335205)
            (0.909016 -0.500000 -0.335496)
            (0.910351 -0.500000 -0.335781)
            (0.911657 -0.500000 -0.336059)
            (0.912934 -0.500000 -0.336331)
            (0.914182 -0.500000 -0.336596)
            (0.915401 -0.500000 -0.336855)
            (0.916591 -0.500000 -0.337107)
            (0.917752 -0.500000 -0.337353)
            (0.918884 -0.500000 -0.337593)
            (0.919987 -0.500000 -0.337826)
            (0.921060 -0.500000 -0.338053)
            (0.922104 -0.500000 -0.338273)
            (0.923118 -0.500000 -0.338487)
            (0.924103 -0.500000 -0.338694)
            (0.925059 -0.500000 -0.338895)
            (0.925984 -0.500000 -0.339090)
            (0.926880 -0.500000 -0.339278)
            (0.927746 -0.500000 -0.339460)
            (0.928582 -0.500000 -0.339635)
            (0.929389 -0.500000 -0.339804)
            (0.930165 -0.500000 -0.339967)
            (0.930911 -0.500000 -0.340123)
            (0.931627 -0.500000 -0.340273)
            (0.932314 -0.500000 -0.340417)
            (0.932969 -0.500000 -0.340554)
            (0.933595 -0.500000 -0.340684)
            (0.934191 -0.500000 -0.340809)
            (0.934756 -0.500000 -0.340926)
            (0.935291 -0.500000 -0.341038)
            (0.935795 -0.500000 -0.341143)
            (0.936269 -0.500000 -0.341242)
            (0.936713 -0.500000 -0.341334)
            (0.937126 -0.500000 -0.341420)
            (0.937509 -0.500000 -0.341500)
            (0.937861 -0.500000 -0.341573)
            (0.938183 -0.500000 -0.341640)
            (0.938474 -0.500000 -0.341700)
            (0.938734 -0.500000 -0.341755)
            (0.938964 -0.500000 -0.341802)
            (0.939163 -0.500000 -0.341844)
            (0.939332 -0.500000 -0.341879)
            (0.939470 -0.500000 -0.341907)
            (0.939577 -0.500000 -0.341930)
            (0.939654 -0.500000 -0.341946)
            (0.939700 -0.500000 -0.341955)
        ) 
    arc 0 1 (-5.355216 0.500000 5.656854) 
    arc 0 9 (-5.355216 0.500000 -5.656854) 
    arc 12 13 (-5.355216 -0.500000 5.656854) 
    arc 12 21 (-5.355216 -0.500000 -5.656854) 
); 

boundary 
( 
    inlet 
    { 
        type patch; 
        faces 
        ( 
            (1 0 12 13) 
            (0 9 21 12) 
        ); 
    } 

    outlet 
    { 
        type patch; 
        faces 
        ( 
            (11 8 20 23) 
            (8 3 15 20) 
        ); 
    } 

    topAndBottom 
    { 
        type patch; 
        faces 
        ( 
            (3 2 14 15) 
            (2 1 13 14) 
            (9 10 22 21) 
            (10 11 23 22) 
        ); 
    } 

    airfoil 
    { 
        type wall; 
        faces 
        ( 
            (5 4 16 17) 
            (7 5 17 19) 
            (4 6 18 16) 
            (6 7 19 18) 
        ); 
    } 
); 
 
mergePatchPairs 
( 
); 
 
// ************************************************************************* // 
